#Elapsed Time (secs),Bytes Received,Requests Serviced, Requests Failed, Comment
   0.03329,          0,          0,          1, /courses/ud923/filecorpus/1kb-sample-file-1.html
   0.03709,          0,          0,          2, /courses/ud923/filecorpus/1kb-sample-file-2.png
   0.05226,          0,          0,          3, /courses/ud923/filecorpus/1kb-sample-file-3.jpg
   0.07076,          0,          0,          4, /courses/ud923/filecorpus/1kb-sample-file-4.png
   0.07649,       1648,          0,          4, (null)
   0.09051,       5744,          0,          4, (null)
   0.09058,       9840,          0,          4, (null)
   0.09063,      13184,          0,          4, (null)
   0.09539,      17280,          0,          4, (null)
   0.09547,      21376,          0,          4, (null)
   0.09549,      25472,          0,          4, (null)
   0.09550,      29568,          0,          4, (null)
   0.09551,      33664,          0,          4, (null)
   0.09553,      37760,          0,          4, (null)
   0.09554,      41856,          0,          4, (null)
   0.09556,      45952,          0,          4, (null)
   0.09566,      46144,          0,          4, (null)
   0.09574,      50240,          0,          4, (null)
   0.09608,      52736,          0,          4, (null)
   0.09632,      54384,          0,          4, (null)
   0.09640,      55208,          0,          4, (null)
   0.10079,      56032,          0,          4, (null)
   0.12406,      60128,          0,          4, (null)
   0.12417,      64224,          0,          4, (null)
   0.12426,      68320,          0,          4, (null)
   0.12436,      72416,          0,          4, (null)
   0.12439,      76512,          0,          4, (null)
   0.12448,      80608,          0,          4, (null)
   0.12456,      84704,          0,          4, (null)
   0.12461,      88800,          0,          4, (null)
   0.12472,      90640,          0,          4, (null)
   0.12503,      93112,          0,          4, (null)
   0.12506,      95584,          0,          4, (null)
   0.14145,      99680,          0,          4, (null)
   0.14154,     103776,          0,          4, (null)
   0.14195,     107872,          0,          4, (null)
   0.14199,     111968,          0,          4, (null)
   0.14200,     116064,          0,          4, (null)
   0.14202,     120160,          0,          4, (null)
   0.14207,     124256,          0,          4, (null)
   0.14212,     128352,          0,          4, (null)
   0.14224,     128544,          0,          4, (null)
   0.14232,     129368,          0,          4, (null)
   0.14489,     130192,          0,          4, (null)
   0.19250,     134288,          0,          4, (null)
   0.19264,     138384,          0,          4, (null)
   0.19267,     140080,          0,          4, (null)
   0.21697,     144176,          0,          4, (null)
   0.21706,     148272,          0,          4, (null)
   0.21708,     152368,          0,          4, (null)
   0.21709,     156464,          0,          4, (null)
   0.21711,     160560,          0,          4, (null)
   0.21712,     164656,          0,          4, (null)
   0.21713,     168752,          0,          4, (null)
   0.21715,     172848,          0,          4, (null)
   0.21719,     173864,          0,          4, (null)
   0.21721,     177960,          0,          4, (null)
   0.21723,     179632,          0,          4, (null)
   0.21726,     181280,          0,          4, (null)
   0.21729,     182104,          0,          4, (null)
   0.21731,     182928,          0,          4, (null)
   0.21935,     187024,          0,          4, (null)
   0.21946,     191120,          0,          4, (null)
   0.21951,     195216,          0,          4, (null)
   0.21956,     199312,          0,          4, (null)
   0.21959,     203408,          0,          4, (null)
   0.21963,     207504,          0,          4, (null)
   0.21966,     211600,          0,          4, (null)
   0.21970,     215696,          0,          4, (null)
   0.21979,     218360,          0,          4, (null)
   0.21985,     220008,          0,          4, (null)
   0.22042,     220832,          0,          4, (null)
   0.22046,     224928,          0,          4, (null)
   0.22049,     224952,          0,          4, (null)
   0.22051,     227424,          0,          4, (null)
   0.22055,     228248,          0,          4, (null)
   0.22056,     229072,          0,          4, (null)
   0.27358,     233168,          0,          4, (null)
   0.27383,     233174,          0,          4, (null)
   0.27533,     233174,          1,          4, /courses/ud923/filecorpus/paraglider.jpg
   0.29018,     233998,          1,          4, (null)
   0.29364,     234822,          1,          4, (null)
   0.29544,     235646,          1,          4, (null)
   0.29704,     236470,          1,          4, (null)
   0.29719,     237294,          1,          4, (null)
   0.29834,     238118,          1,          4, (null)
   0.29961,     238942,          1,          4, (null)
   0.30077,     239766,          1,          4, (null)
   0.30233,     240590,          1,          4, (null)
   0.30332,     241414,          1,          4, (null)
   0.31676,     242238,          1,          4, (null)
   0.31708,     243062,          1,          4, (null)
   0.31856,     243886,          1,          4, (null)
   0.32094,     244710,          1,          4, (null)
   0.32241,     245534,          1,          4, (null)
   0.32358,     246358,          1,          4, (null)
   0.36619,     250454,          1,          4, (null)
   0.36639,     254550,          1,          4, (null)
   0.36642,     258646,          1,          4, (null)
   0.36649,     262742,          1,          4, (null)
   0.36654,     265310,          1,          4, (null)
   0.41654,     269406,          1,          4, (null)
   0.41666,     273502,          1,          4, (null)
   0.41669,     277598,          1,          4, (null)
   0.41670,     281694,          1,          4, (null)
   0.41672,     285790,          1,          4, (null)
   0.41673,     289886,          1,          4, (null)
   0.41675,     293982,          1,          4, (null)
   0.41676,     294974,          1,          4, (null)
   0.47146,     299070,          1,          4, (null)
   0.47159,     303166,          1,          4, (null)
   0.47162,     307262,          1,          4, (null)
   0.47179,     308982,          1,          4, (null)
   0.47187,     311454,          1,          4, (null)
   0.47295,     312278,          1,          4, (null)
   0.47411,     313102,          1,          4, (null)
   0.51620,     317198,          1,          4, (null)
   0.51657,     321294,          1,          4, (null)
   0.51660,     325390,          1,          4, (null)
   0.51668,     329486,          1,          4, (null)
   0.51671,     330406,          1,          4, (null)
   0.56592,     334502,          1,          4, (null)
   0.56610,     338598,          1,          4, (null)
   0.56618,     342694,          1,          4, (null)
   0.56655,     346790,          1,          4, (null)
   0.56660,     350886,          1,          4, (null)
   0.56661,     354982,          1,          4, (null)
   0.56663,     359078,          1,          4, (null)
   0.56664,     359246,          1,          4, (null)
   0.61715,     363342,          1,          4, (null)
   0.61726,     367438,          1,          4, (null)
   0.61733,     371351,          1,          4, (null)
   0.61815,     371351,          2,          4, /courses/ud923/filecorpus/road.jpg
   0.62332,     372999,          2,          4, (null)
   0.62495,     373823,          2,          4, (null)
   0.62569,     374647,          2,          4, (null)
   0.62678,     375471,          2,          4, (null)
   0.62740,     376295,          2,          4, (null)
   0.62855,     377119,          2,          4, (null)
   0.64175,     378767,          2,          4, (null)
   0.64290,     379591,          2,          4, (null)
   0.64503,     380415,          2,          4, (null)
   0.64514,     381239,          2,          4, (null)
   0.64679,     382887,          2,          4, (null)
   0.64841,     383711,          2,          4, (null)
   0.64898,     384535,          2,          4, (null)
   0.69685,     388631,          2,          4, (null)
   0.69693,     392727,          2,          4, (null)
   0.69713,     396071,          2,          4, (null)
   0.74575,     400167,          2,          4, (null)
   0.74584,     404263,          2,          4, (null)
   0.74590,     408359,          2,          4, (null)
   0.74592,     412455,          2,          4, (null)
   0.74594,     416551,          2,          4, (null)
   0.74595,     420647,          2,          4, (null)
   0.74597,     424087,          2,          4, (null)
   0.79268,     428183,          2,          4, (null)
   0.79279,     432279,          2,          4, (null)
   0.79282,     436375,          2,          4, (null)
   0.79283,     440471,          2,          4, (null)
   0.79285,     444567,          2,          4, (null)
   0.79292,     445511,          2,          4, (null)
   0.79343,     446335,          2,          4, (null)
   0.79474,     447159,          2,          4, (null)
   0.84560,     451255,          2,          4, (null)
   0.84569,     455351,          2,          4, (null)
   0.84571,     459447,          2,          4, (null)
   0.84573,     463543,          2,          4, (null)
   0.84577,     467639,          2,          4, (null)
   0.84580,     468583,          2,          4, (null)
   0.89093,     472679,          2,          4, (null)
   0.89111,     475595,          2,          4, (null)
   0.89322,     475595,          3,          4, /courses/ud923/filecorpus/yellowstone.jpg
   0.89815,     477243,          3,          4, (null)
   0.90014,     478067,          3,          4, (null)
   0.90118,     478891,          3,          4, (null)
   0.91418,     480539,          3,          4, (null)
   0.91687,     481363,          3,          4, (null)
   0.92001,     482187,          3,          4, (null)
   0.92138,     483011,          3,          4, (null)
   0.92247,     483835,          3,          4, (null)
   0.92344,     484659,          3,          4, (null)
   0.92454,     485483,          3,          4, (null)
   0.93650,     486307,          3,          4, (null)
   0.93743,     487131,          3,          4, (null)
   0.93826,     487955,          3,          4, (null)
   0.93941,     488779,          3,          4, (null)
   0.98504,     492875,          3,          4, (null)
   0.98515,     496971,          3,          4, (null)
   0.98518,     501067,          3,          4, (null)
   0.98519,     505163,          3,          4, (null)
   0.98521,     508555,          3,          4, (null)
   1.02909,     512651,          3,          4, (null)
   1.02922,     516747,          3,          4, (null)
   1.02924,     520843,          3,          4, (null)
   1.02939,     520915,          3,          4, (null)
   1.02976,     521739,          3,          4, (null)
   1.02983,     522563,          3,          4, (null)
   1.07449,     526659,          3,          4, (null)
   1.07515,     530755,          3,          4, (null)
   1.07522,     534851,          3,          4, (null)
   1.07523,     538947,          3,          4, (null)
   1.07525,     540691,          3,          4, (null)
   1.14173,     544787,          3,          4, (null)
   1.14215,     548883,          3,          4, (null)
   1.14220,     552979,          3,          4, (null)
   1.14222,     557075,          3,          4, (null)
   1.14223,     561171,          3,          4, (null)
   1.14224,     562115,          3,          4, (null)
   1.16512,     566211,          3,          4, (null)
   1.16525,     570307,          3,          4, (null)
   1.16528,     574403,          3,          4, (null)
   1.16534,     575299,          3,          4, (null)
   1.16543,     576123,          3,          4, (null)
   1.16597,     576947,          3,          4, (null)
   1.20915,     581043,          3,          4, (null)
   1.20927,     585139,          3,          4, (null)
   1.20933,     589235,          3,          4, (null)
   1.20941,     593331,          3,          4, (null)
   1.20944,     594251,          3,          4, (null)
   1.25637,     598347,          3,          4, (null)
   1.25648,     602443,          3,          4, (null)
   1.25653,     606539,          3,          4, (null)
   1.25656,     610635,          3,          4, (null)
   1.25657,     614027,          3,          4, (null)
   1.30069,     618123,          3,          4, (null)
   1.30080,     622219,          3,          4, (null)
   1.30083,     626315,          3,          4, (null)
   1.30085,     630411,          3,          4, (null)
   1.30086,     634507,          3,          4, (null)
   1.30088,     636275,          3,          4, (null)
   1.34513,     640371,          3,          4, (null)
   1.34525,     644467,          3,          4, (null)
   1.34527,     648563,          3,          4, (null)
   1.34529,     652659,          3,          4, (null)
   1.34540,     652755,          3,          4, (null)
   1.34547,     653579,          3,          4, (null)
   1.34711,     654403,          3,          4, (null)
   1.40437,     658499,          3,          4, (null)
   1.40449,     660995,          3,          4, (null)
   1.45555,     665091,          3,          4, (null)
   1.45564,     669187,          3,          4, (null)
   1.45566,     673283,          3,          4, (null)
   1.45568,     677379,          3,          4, (null)
   1.45569,     678299,          3,          4, (null)
   1.49450,     682395,          3,          4, (null)
   1.49468,     684891,          3,          4, (null)
   1.49473,     685715,          3,          4, (null)
   1.49649,     686539,          3,          4, (null)
   1.54074,     690635,          3,          4, (null)
   1.54082,     694731,          3,          4, (null)
   1.54087,     698827,          3,          4, (null)
   1.54090,     702923,          3,          4, (null)
   1.54094,     703843,          3,          4, (null)
   1.58928,     707939,          3,          4, (null)
   1.58944,     712035,          3,          4, (null)
   1.58947,     716131,          3,          4, (null)
   1.58955,     718675,          3,          4, (null)
   1.58989,     719499,          3,          4, (null)
   1.59079,     720323,          3,          4, (null)
   1.64363,     724419,          3,          4, (null)
   1.64405,     728515,          3,          4, (null)
   1.64409,     732611,          3,          4, (null)
   1.64410,     736707,          3,          4, (null)
   1.64412,     738451,          3,          4, (null)
   1.68032,     742547,          3,          4, (null)
   1.68046,     746643,          3,          4, (null)
   1.68053,     750739,          3,          4, (null)
   1.68060,     751635,          3,          4, (null)
   1.68194,     752459,          3,          4, (null)
   1.68300,     753283,          3,          4, (null)
   1.73556,     757379,          3,          4, (null)
   1.73567,     761475,          3,          4, (null)
   1.73571,     765571,          3,          4, (null)
   1.73573,     768939,          3,          4, (null)
   1.77638,     773035,          3,          4, (null)
   1.77650,     777131,          3,          4, (null)
   1.77655,     781227,          3,          4, (null)
   1.77661,     785323,          3,          4, (null)
   1.77663,     786243,          3,          4, (null)
   1.82602,     790339,          3,          4, (null)
   1.82618,     794435,          3,          4, (null)
   1.82622,     798531,          3,          4, (null)
   1.82623,     802627,          3,          4, (null)
   1.82625,     803547,          3,          4, (null)
   1.87994,     807643,          3,          4, (null)
   1.88005,     811739,          3,          4, (null)
   1.88008,     815835,          3,          4, (null)
   1.88010,     819931,          3,          4, (null)
   1.88023,     820027,          3,          4, (null)
   1.88031,     820851,          3,          4, (null)
   1.88138,     821675,          3,          4, (null)
   1.93504,     825771,          3,          4, (null)
   1.93525,     829867,          3,          4, (null)
   1.93533,     833963,          3,          4, (null)
   1.93567,     838059,          3,          4, (null)
   1.93612,     840627,          3,          4, (null)
   1.97691,     844723,          3,          4, (null)
   1.97710,     848819,          3,          4, (null)
   1.97715,     852915,          3,          4, (null)
   1.97718,     857011,          3,          4, (null)
   1.97720,     861107,          3,          4, (null)
   1.97721,     861227,          3,          4, (null)
   2.02814,     865323,          3,          4, (null)
   2.02826,     869419,          3,          4, (null)
   2.02828,     873515,          3,          4, (null)
   2.02829,     877611,          3,          4, (null)
   2.02833,     879355,          3,          4, (null)
   2.02924,     880179,          3,          4, (null)
   2.03030,     881003,          3,          4, (null)
   2.08488,     885099,          3,          4, (null)
   2.08496,     889195,          3,          4, (null)
   2.08498,     893291,          3,          4, (null)
   2.08502,     897387,          3,          4, (null)
   2.08505,     899131,          3,          4, (null)
   2.13683,     903227,          3,          4, (null)
   2.13700,     907323,          3,          4, (null)
   2.13703,     911419,          3,          4, (null)
   2.13710,     915515,          3,          4, (null)
   2.13719,     916435,          3,          4, (null)
   2.13726,     917259,          3,          4, (null)
   2.13820,     918083,          3,          4, (null)
   2.19609,     922179,          3,          4, (null)
   2.19618,     926275,          3,          4, (null)
   2.19626,     927826,          3,          4, (null)
   2.21245,     927826,          4,          4, /courses/ud923/filecorpus/moranabovejacksonlake.jpg
   2.22968,     928650,          4,          4, (null)
   2.23227,     929474,          4,          4, (null)
   2.23279,     930298,          4,          4, (null)
   2.24489,     931122,          4,          4, (null)
   2.24633,     931946,          4,          4, (null)
   2.24724,     932770,          4,          4, (null)
   2.24867,     933594,          4,          4, (null)
   2.25041,     934418,          4,          4, (null)
   2.26196,     935242,          4,          4, (null)
   2.26578,     936066,          4,          4, (null)
   2.26748,     936890,          4,          4, (null)
   2.26871,     937714,          4,          4, (null)
   2.27998,     938538,          4,          4, (null)
   2.28242,     939362,          4,          4, (null)
   2.28409,     940186,          4,          4, (null)
   2.28523,     941010,          4,          4, (null)
   2.34221,     945106,          4,          4, (null)
   2.34230,     947602,          4,          4, (null)
   2.39213,     951698,          4,          4, (null)
   2.39328,     955794,          4,          4, (null)
   2.39339,     956666,          4,          4, (null)
   2.43215,     960762,          4,          4, (null)
   2.43226,     964858,          4,          4, (null)
   2.43229,     965730,          4,          4, (null)
   2.48484,     969826,          4,          4, (null)
   2.48495,     973922,          4,          4, (null)
   2.48498,     975618,          4,          4, (null)
   2.53729,     979714,          4,          4, (null)
   2.53746,     983810,          4,          4, (null)
   2.53778,     983858,          4,          4, (null)
   2.53800,     984682,          4,          4, (null)
   2.54005,     985506,          4,          4, (null)
   2.59243,     989602,          4,          4, (null)
   2.59258,     993698,          4,          4, (null)
   2.59261,     997794,          4,          4, (null)
   2.59266,     998690,          4,          4, (null)
   2.63211,    1002786,          4,          4, (null)
   2.63219,    1006882,          4,          4, (null)
   2.63220,    1010978,          4,          4, (null)
   2.63222,    1013522,          4,          4, (null)
   2.68164,    1017618,          4,          4, (null)
   2.68175,    1021714,          4,          4, (null)
   2.68178,    1025810,          4,          4, (null)
   2.68182,    1028354,          4,          4, (null)
   2.74040,    1032450,          4,          4, (null)
   2.74051,    1036546,          4,          4, (null)
   2.74053,    1040642,          4,          4, (null)
   2.74055,    1044738,          4,          4, (null)
   2.74056,    1048834,          4,          4, (null)
   2.74058,    1051426,          4,          4, (null)
   2.79061,    1055522,          4,          4, (null)
   2.79156,    1059618,          4,          4, (null)
   2.79162,    1063714,          4,          4, (null)
   2.79167,    1067810,          4,          4, (null)
   2.79173,    1071202,          4,          4, (null)
   2.79224,    1072026,          4,          4, (null)
   2.79382,    1072850,          4,          4, (null)
   2.84815,    1076946,          4,          4, (null)
   2.84827,    1081042,          4,          4, (null)
   2.84835,    1085138,          4,          4, (null)
   2.84841,    1087682,          4,          4, (null)
   2.85083,    1091778,          4,          4, (null)
   2.85091,    1095874,          4,          4, (null)
   2.85093,    1099970,          4,          4, (null)
   2.85094,    1104066,          4,          4, (null)
   2.85096,    1108162,          4,          4, (null)
   2.85097,    1112258,          4,          4, (null)
   2.85098,    1116354,          4,          4, (null)
   2.85100,    1120450,          4,          4, (null)
   2.85104,    1123938,          4,          4, (null)
   2.85106,    1128034,          4,          4, (null)
   2.85108,    1131354,          4,          4, (null)
   2.85111,    1133002,          4,          4, (null)
   2.85115,    1133826,          4,          4, (null)
   2.85121,    1134650,          4,          4, (null)
   2.90041,    1138746,          4,          4, (null)
   2.90050,    1142842,          4,          4, (null)
   2.90052,    1146938,          4,          4, (null)
   2.90053,    1151034,          4,          4, (null)
   2.90078,    1153602,          4,          4, (null)
   2.95494,    1157698,          4,          4, (null)
   2.95503,    1161794,          4,          4, (null)
   2.95505,    1165890,          4,          4, (null)
   2.95552,    1169986,          4,          4, (null)
   2.95564,    1171730,          4,          4, (null)
   2.95768,    1172554,          4,          4, (null)
   2.95980,    1173378,          4,          4, (null)
   3.00944,    1177474,          4,          4, (null)
   3.00952,    1181570,          4,          4, (null)
   3.00959,    1184090,          4,          4, (null)
   3.06445,    1188186,          4,          4, (null)
   3.06459,    1192282,          4,          4, (null)
   3.06463,    1196378,          4,          4, (null)
   3.06464,    1200474,          4,          4, (null)
   3.06466,    1203866,          4,          4, (null)
   3.11888,    1207962,          4,          4, (null)
   3.12004,    1212058,          4,          4, (null)
   3.12009,    1216154,          4,          4, (null)
   3.12011,    1220250,          4,          4, (null)
   3.12015,    1223642,          4,          4, (null)
   3.16062,    1227738,          4,          4, (null)
   3.16080,    1231834,          4,          4, (null)
   3.16083,    1235930,          4,          4, (null)
   3.16093,    1238474,          4,          4, (null)
   3.17250,    1239298,          4,          4, (null)
   3.17412,    1240122,          4,          4, (null)
   3.22844,    1244218,          4,          4, (null)
   3.22857,    1248314,          4,          4, (null)
   3.22861,    1252410,          4,          4, (null)
   3.22862,    1254954,          4,          4, (null)
   3.27624,    1259050,          4,          4, (null)
   3.27631,    1263146,          4,          4, (null)
   3.27647,    1266490,          4,          4, (null)
   3.27655,    1267314,          4,          4, (null)
   3.27668,    1268138,          4,          4, (null)
   3.32804,    1272234,          4,          4, (null)
   3.32818,    1276330,          4,          4, (null)
   3.32826,    1278026,          4,          4, (null)
   3.37615,    1282122,          4,          4, (null)
   3.37628,    1286218,          4,          4, (null)
   3.37640,    1287090,          4,          4, (null)
   3.37644,    1287914,          4,          4, (null)
   3.37710,    1288738,          4,          4, (null)
   3.42474,    1292834,          4,          4, (null)
   3.42489,    1296930,          4,          4, (null)
   3.42492,    1301026,          4,          4, (null)
   3.42494,    1303570,          4,          4, (null)
   3.47537,    1307666,          4,          4, (null)
   3.47607,    1311762,          4,          4, (null)
   3.47611,    1315858,          4,          4, (null)
   3.47620,    1315930,          4,          4, (null)
   3.47623,    1316754,          4,          4, (null)
   3.49151,    1317578,          4,          4, (null)
   3.52501,    1318402,          4,          4, (null)
   3.54413,    1322498,          4,          4, (null)
   3.54428,    1326594,          4,          4, (null)
   3.54431,    1330690,          4,          4, (null)
   3.54433,    1334786,          4,          4, (null)
   3.54434,    1338882,          4,          4, (null)
   3.54435,    1342978,          4,          4, (null)
   3.54441,    1347074,          4,          4, (null)
   3.54442,    1351170,          4,          4, (null)
   3.54447,    1352186,          4,          4, (null)
   3.54450,    1353010,          4,          4, (null)
   3.54468,    1353834,          4,          4, (null)
   3.55838,    1357930,          4,          4, (null)
   3.55891,    1362026,          4,          4, (null)
   3.55951,    1366122,          4,          4, (null)
   3.55997,    1370218,          4,          4, (null)
   3.56019,    1374314,          4,          4, (null)
   3.56021,    1378410,          4,          4, (null)
   3.56026,    1382506,          4,          4, (null)
   3.56028,    1386602,          4,          4, (null)
   3.56034,    1386794,          4,          4, (null)
   3.56036,    1390890,          4,          4, (null)
   3.56039,    1393386,          4,          4, (null)
   3.56042,    1395034,          4,          4, (null)
   3.56045,    1395858,          4,          4, (null)
   3.56047,    1396682,          4,          4, (null)
   3.56227,    1400778,          4,          4, (null)
   3.56235,    1404874,          4,          4, (null)
   3.56238,    1408970,          4,          4, (null)
   3.56240,    1413066,          4,          4, (null)
   3.56241,    1417162,          4,          4, (null)
   3.56245,    1421258,          4,          4, (null)
   3.56247,    1425354,          4,          4, (null)
   3.56249,    1429450,          4,          4, (null)
   3.56253,    1432938,          4,          4, (null)
   3.56288,    1433762,          4,          4, (null)
   3.56293,    1434586,          4,          4, (null)
   3.57628,    1438682,          4,          4, (null)
   3.57639,    1442778,          4,          4, (null)
   3.57641,    1446874,          4,          4, (null)
   3.57643,    1450970,          4,          4, (null)
   3.57644,    1455066,          4,          4, (null)
   3.57651,    1459162,          4,          4, (null)
   3.57653,    1463258,          4,          4, (null)
   3.57655,    1467354,          4,          4, (null)
   3.57663,    1468370,          4,          4, (null)
   3.57670,    1471666,          4,          4, (null)
   3.57674,    1472490,          4,          4, (null)
   3.57729,    1473314,          4,          4, (null)
   3.57905,    1477410,          4,          4, (null)
   3.57913,    1481506,          4,          4, (null)
   3.57915,    1485602,          4,          4, (null)
   3.57916,    1489698,          4,          4, (null)
   3.57918,    1493794,          4,          4, (null)
   3.57919,    1497890,          4,          4, (null)
   3.57920,    1501986,          4,          4, (null)
   3.57925,    1506082,          4,          4, (null)
   3.57929,    1506274,          4,          4, (null)
   3.57931,    1510370,          4,          4, (null)
   3.57934,    1510394,          4,          4, (null)
   3.57936,    1511218,          4,          4, (null)
   3.57938,    1512042,          4,          4, (null)
   3.59290,    1516138,          4,          4, (null)
   3.59302,    1520234,          4,          4, (null)
   3.59307,    1524330,          4,          4, (null)
   3.59310,    1528426,          4,          4, (null)
   3.59312,    1532522,          4,          4, (null)
   3.59313,    1536618,          4,          4, (null)
   3.59315,    1540714,          4,          4, (null)
   3.59316,    1544810,          4,          4, (null)
   3.59321,    1546650,          4,          4, (null)
   3.59323,    1550746,          4,          4, (null)
   3.59326,    1551594,          4,          4, (null)
   3.59329,    1553242,          4,          4, (null)
   3.59336,    1554066,          4,          4, (null)
   3.59339,    1554890,          4,          4, (null)
   3.59604,    1558986,          4,          4, (null)
   3.59644,    1563082,          4,          4, (null)
   3.59650,    1567178,          4,          4, (null)
   3.59655,    1571274,          4,          4, (null)
   3.59657,    1575370,          4,          4, (null)
   3.59661,    1579466,          4,          4, (null)
   3.59664,    1583562,          4,          4, (null)
   3.59665,    1587658,          4,          4, (null)
   3.59671,    1589498,          4,          4, (null)
   3.59674,    1591970,          4,          4, (null)
   3.59677,    1592794,          4,          4, (null)
   3.59678,    1593618,          4,          4, (null)
   3.61294,    1597714,          4,          4, (null)
   3.61303,    1601810,          4,          4, (null)
   3.61305,    1605906,          4,          4, (null)
   3.61306,    1610002,          4,          4, (null)
   3.61308,    1614098,          4,          4, (null)
   3.61309,    1618194,          4,          4, (null)
   3.61310,    1622290,          4,          4, (null)
   3.61312,    1626386,          4,          4, (null)
   3.61316,    1629050,          4,          4, (null)
   3.61317,    1633146,          4,          4, (null)
   3.61320,    1633994,          4,          4, (null)
   3.61323,    1634818,          4,          4, (null)
   3.61325,    1635642,          4,          4, (null)
   3.62678,    1639738,          4,          4, (null)
   3.62686,    1643834,          4,          4, (null)
   3.62688,    1647930,          4,          4, (null)
   3.62690,    1652026,          4,          4, (null)
   3.62691,    1656122,          4,          4, (null)
   3.62692,    1660218,          4,          4, (null)
   3.62697,    1664314,          4,          4, (null)
   3.62699,    1668410,          4,          4, (null)
   3.62706,    1670250,          4,          4, (null)
   3.62740,    1671074,          4,          4, (null)
   3.62842,    1671898,          4,          4, (null)
   3.63001,    1675994,          4,          4, (null)
   3.63008,    1680090,          4,          4, (null)
   3.63010,    1684186,          4,          4, (null)
   3.63012,    1688282,          4,          4, (null)
   3.63013,    1692378,          4,          4, (null)
   3.63015,    1696474,          4,          4, (null)
   3.63016,    1700570,          4,          4, (null)
   3.63018,    1704666,          4,          4, (null)
   3.64095,    1704858,          4,          4, (null)
   3.64106,    1708954,          4,          4, (null)
   3.64118,    1708978,          4,          4, (null)
   3.64123,    1709802,          4,          4, (null)
   3.64145,    1710626,          4,          4, (null)
   3.69145,    1714722,          4,          4, (null)
   3.69198,    1718818,          4,          4, (null)
   3.69210,    1722914,          4,          4, (null)
   3.69250,    1727010,          4,          4, (null)
   3.69256,    1731106,          4,          4, (null)
   3.69265,    1735202,          4,          4, (null)
   3.69268,    1739298,          4,          4, (null)
   3.69269,    1740978,          4,          4, (null)
   3.69347,    1740978,          5,          4, /courses/ud923/filecorpus/test.txt
   3.71296,    1740978,          5,          5, /courses/ud923/filecorpus/1kb-sample-file-0.png
